11240
21943
8042
24544
11517
9368
16804
15572
31354
347
1264
27252
32334
30208
13275
3944
29074
4111
15196
25627
27930
32475
24586
25369
26698
26376
21387
22716
6699
3915
15952
5639
28862
19057
4479
19154
4753
17059
13617
19239
7823
2536
26334
17389
7708
5099
23573
8899
23906
31999
32113
13615
7653
16992
19912
17144
22366
20411
20901
10192
31430
1521
2809
12342
27569
7961
23821
15771
9181
5060
27835
30148
13579
25988
20702
367
7437
29359
9991
7737
8225
14176
24690
1983
7549
8127
23352
31748
4651
20354
7109
24339
15895
692
14989
16869
8039
27573
23035
20612
